0 3160 1000000
1653 2761
201 522
2537 2813
3085 1888
2473 1407
2499 7
2788 2914
2973 789
1737 674
869 2926
3064 1827
1615 863
2222 3007
2206 1535
2944 1573
2234 1248
183 768
3001 1544
703 552
767 2308
373 103
542 1301
2835 771
1704 2462
1619 711
608 1405
1010 663
2504 1519
1113 1079
2114 1573
1104 2647
1337 3097
3019 606
1198 108
2414 1182
631 1183
2270 2136
1320 645
1790 3092
590 1485
2800 486
3136 186
1509 1046
3036 2156
1520 344
2208 575
457 989
107 2229
667 920
1144 1024
3004 2704
631 799
1040 2639
1806 940
2178 574
2982 1066
2978 2122
2274 245
331 2181
505 3088
2696 23
985 395
2041 1082
2079 2405
286 1950
1078 853
1588 2844
2888 840
1968 49
1685 108
733 364
1923 2324
142 3055
2498 1309
2546 991
1724 2902
2701 2802
555 1778
1612 1086
1060 775
552 817
2390 1045
478 2958
1149 2826
3098 1899
2208 2200
293 2330
524 2602
460 2125
876 1015
376 597
1812 479
1830 864
476 2121
466 2214
2403 1219
2193 1441
2040 3003
3040 503
2095 486
1051 2527
2943 501
881 3106
1378 2842
2418 3044
3080 520
420 2673
1802 1960
1123 885
2894 520
333 2555
2739 484
1862 2498
1839 1286
2529 3
3037 982
242 3043
2820 2196
2593 810
1845 1364
1910 3158
1815 112
740 1231
1993 360
2939 1383
2588 3009
76 2776
2855 1320
774 3116
2309 2010
2865 1629
1427 441
2175 346
2785 1703
2863 1197
1179 1749
1987 326
2363 1625
931 1879
1782 1414
510 1105
3096 771
85 90
2513 2468
1875 2852
503 3018
122 2029
2103 1698
1739 1690
2400 1180
162 1428
1868 1054
1415 983
3159 1256
1147 2092
2182 1276
2709 2562
2879 267
413 2203
1764 2374
1669 366
596 2638
211 1512
413 1508
708 1537
3087 2908
1344 814
1472 202
1149 2737
2235 2005
1253 2353
1556 3159
426 1109
1613 773
1077 2399
2414 293
1598 630
1656 2300
2242 567
1132 1265
14 1221
62 1561
1992 658
228 2526
1240 2590
297 1575
26 3116
2455 1868
2705 2326
2675 1543
789 2193
2560 1680
250 215
204 2321
3079 2849
1573 2412
546 2173
1595 1870
2850 155
1740 2324
1753 1132
1108 2652
615 1246
2896 2976
2606 947
2081 522
1471 2968
966 783
700 399
99 541
1061 2814
199 1395
1564 1746
268 1864
151 1663
1431 2846
519 2533
1430 3026
895 2596
100 1658
327 638
1937 2761
849 1569
2159 1923
1874 1475
1435 1247
387 2930
2219 1466
147 332
1611 2347
1422 628
1298 1493
177 1347
1570 787
1127 1117
1485 879
3011 1136
1620 1169
2188 1692
933 3070
1522 1326
3096 1952
3036 2656
320 2164
2109 783
1046 350
2045 1721
1826 2875
1193 242
2759 1098
1484 1412
2309 124
1508 1809
1588 2352
2534 1957
1075 1312
2265 2877
2674 484
2921 1362
2523 1020
1222 1532
3036 1617
509 848
1992 1373
480 2820
2285 3114
3086 326
1632 2434
2407 1483
635 632
1920 2333
2045 418
2444 2526
469 749
295 725
2473 895
2165 2875
2813 1127
2194 520
388 2138
1510 2527
2275 1750
1197 1378
840 860
1882 2340
503 2527
1223 3059
1392 2201
2646 1952
1027 1363
265 1472
3079 667
1112 843
2178 515
12 2023
139 1185
907 117
1014 2509
1787 1572
2956 530
71 1607
2753 2922
2670 727
1489 1712
2514 2616
2589 2588
823 2931
2622 2056
719 272
223 2354
2569 1128
10 3049
1571 681
1497 1061
177 2546
33 179
2621 1654
2251 158
729 1112
1505 405
2741 864
337 452
893 2396
1839 1952
1390 1501
1822 2941
2926 1717
2278 978
470 735
1826 584
1203 2836
170 762
2578 1591
2171 1584
2958 58
313 2527
1217 996
1044 2747
1918 2575
324 2620
2070 68
1059 762
38 646
1615 1952
3044 1007
2121 2377
340 1140
1830 1509
1952 2651
152 1975
976 2089
3100 486
2193 1873
696 1826
810 1681
1119 2339
374 1613
894 2500
1986 894
2830 2280
2428 2780
3152 3075
1221 708
3002 1766
2114 605
558 2423
1862 2128
1624 2244
1245 268
1314 1417
2561 585
773 77
837 3063
1 1830
1487 1327
1365 817
1506 710
2842 625
8 2505
2960 2176
2979 1563
879 3011
3071 2250
130 298
2404 741
1084 2724
540 835
1392 2947
2557 2334
1084 1680
1445 391
2435 1157
1217 3032
2623 651
2103 2186
2572 2347
2456 1774
1347 283
742 727
2626 1457
7 1143
676 994
2317 198
257 2371
2503 1712
2662 1704
1429 1646
1071 627
13 1261
2182 835
2758 2747
2514 3065
42 1170
1342 518
674 1219
688 311
2017 2653
124 2997
1359 677
3097 2611
1088 1737
13 2336
1779 2959
384 825
2253 491
1087 2541
3108 1327
1024 2645
1048 1839
1624 3134
166 735
3019 2263
1021 1787
1724 2067
1762 538
501 49
2261 2918
661 819
3026 2143
1209 1172
3081 2336
855 105
2870 491
1070 908
1873 2987
2161 1428
1472 2045
1718 1668
1405 1169
884 1416
781 1073
2634 1575
1976 1195
2055 2082
2643 1444
2699 707
600 2608
193 3118
134 2351
1480 2114
2343 527
2152 27
1460 1868
2729 312
2232 618
2994 2380
1401 2770
2874 36
2554 1442
1555 2475
1848 2494
746 1401
1761 160
1796 2567
2296 1168
2513 619
1480 2642
564 2959
1950 1812
1548 2369
2676 532
1419 96
2692 2391
1203 3116
2422 801
1479 1829
426 2629
1594 2126
298 1325
1409 1751
258 992
883 1349
3109 1658
2646 2671
2388 83
415 2365
599 2987
2680 3007
1654 2187
1971 1172
876 2217
1275 665
794 58
2168 1054
3023 2071
2468 2980
1023 3048
2562 456
281 16
2970 886
2121 1847
2982 651
2357 2757
3107 94
868 2016
1678 315
7 2553
28 677
2249 3084
2766 2012
1704 1849
823 1450
2693 624
2815 1025
1266 824
2596 713
1142 662
805 2555
869 999
1149 90
2524 471
2163 250
2255 344
2184 1063
1070 1878
2949 1018
2422 1648
130 1742
1570 2114
1119 812
2598 1886
1804 370
1220 2804
2548 599
1762 2361
1543 2564
947 2238
1001 1821
3149 1858
1647 1172
72 1298
515 2596
1534 95
1276 2490
504 412
1327 3006
165 1933
1710 1578
1328 983
2778 1911
1563 2503
2892 2606
1415 863
1997 217
2588 1949
628 743
2387 1468
2602 100
1824 901
1097 3127
1507 217
2257 1924
1248 1974
2549 2371
456 1410
3152 3014
1353 1442
1460 2680
1043 533
2367 3031
561 2487
1156 926
2914 2258
2076 193
941 1742
961 994
1625 2238
121 614
170 3052
2316 2353
72 1684
2425 2514
2230 1945
1190 2613
2827 1804
2502 3083
2195 2063
471 1522
2311 1261
3059 1414
1366 2129
1721 1467
1938 1321
1101 1076
2143 2133
413 2154
2612 713
1676 710
2346 1102
274 1109
3148 715
2197 320
2667 1447
828 1024
2646 2733
1204 822
1419 2489
1288 1250
611 3046
3033 487
2420 522
2652 1583
1211 1290
2625 2114
351 1310
289 909
2958 1484
3083 570
2886 2582
106 678
999 911
1921 584
1918 2167
1397 494
1372 1162
2453 671
1551 1605
31 2129
1587 1254
1986 3015
1802 2411
2747 3121
2894 2213
2233 1654
2744 2818
1919 652
2158 1449
316 525
712 1126
3117 1630
1586 1538
1331 651
410 203
633 1640
1146 183
1114 869
64 485
1312 150
2848 1756
1889 3146
640 1247
132 2680
2843 1707
426 2694
2467 1207
2032 2913
1799 2187
831 1449
1853 996
2234 2190
1196 2970
2183 1952
708 2174
432 3150
1955 2130
2233 881
799 1178
2979 1782
1804 1608
1796 379
2888 33
2408 742
1568 3116
502 1859
3149 104
854 1967
198 2937
2017 1691
222 1389
2056 2715
924 1504
1164 256
2937 221
2036 2786
570 1023
1545 985
2041 1281
1266 1165
2991 1929
268 2012
374 2551
2859 761
655 681
1348 897
2980 387
2982 2986
1946 1028
2230 3004
2015 1617
2607 424
3108 787
2629 1209
2806 2661
1102 1849
1184 170
1193 2479
1018 802
631 28
978 1001
740 2160
2959 2947
451 2327
3039 2548
3052 2392
620 2471
1136 1121
642 2134
243 3157
2403 2912
2991 1233
3126 164
277 3042
2260 448
2871 1168
3101 1360
296 326
1906 1268
1684 1164
1747 365
1647 2344
26 219
334 1126
1101 1881
2578 1360
49 1881
2621 2723
2627 512
1269 1415
1452 477
2308 2012
2629 1396
558 1432
1154 1750
13 2669
1702 1984
472 1662
1044 541
1908 1594
1402 663
884 2169
460 2530
310 2188
2154 1702
1511 1754
518 2775
107 214
2415 927
1413 1814
2551 55
1424 2506
2861 271
421 155
2775 2127
1070 1754
202 456
3073 970
2173 3005
2854 250
3120 1632
319 1737
1737 3123
1384 92
1779 2698
853 749
2789 1450
1101 155
210 2209
1515 1160
1794 3126
586 2014
2487 1639
1904 827
2780 1288
2244 757
1186 2242
1883 2869
2152 966
2766 903
1781 1516
2609 1798
757 2030
2713 2130
1860 340
1840 2987
1098 2944
727 975
551 1791
1395 1754
2727 637
53 2148
2396 701
2700 1984
1789 296
1407 1329
2920 1134
2203 718
819 23
2647 2061
2914 1961
2582 694
263 525
2005 2752
2383 1363
989 2968
986 117
2157 2756
1040 2342
2564 2359
200 267
1226 854
1603 1540
952 407
1312 1285
1289 1003
2031 1058
1362 462
2936 1480
1846 2751
2081 2114
102 1366
885 854
3039 2535
2206 852
1061 1713
261 1731
1418 1256
1759 2680
2160 2865
3153 2454
837 179
2570 1591
1227 552
2113 2682
2586 1406
1339 1211
2129 1573
277 1066
1757 1595
3013 287
2158 2894
1134 3058
1372 132
2960 1567
104 853
2357 208
1796 783
483 1586
3043 3125
978 244
1579 1344
957 1243
2605 1121
1683 1874
1286 2803
2090 577
438 2443
429 346
2220 2325
2374 2169
2475 2790
1713 2812
1608 489
1212 2443
2435 1497
1734 185
2755 2413
651 323
365 2008
2293 904
2004 2331
3022 1590
2552 2864
347 3033
1531 546
321 2535
2439 2599
135 2949
2222 1191
962 1678
2668 114
1648 727
1778 2886
2408 1265
301 583
529 2953
739 1062
2178 2636
1107 560
1966 1820
3060 51
365 2707
450 594
1799 460
2774 2517
2851 1137
1917 1083
1583 383
2208 165
1627 2120
2607 1734
1901 1261
478 481
2730 30
525 2499
893 212
1944 413
582 1749
2198 881
1307 57
1395 1741
851 503
3105 821
1573 2417
869 3146
1515 289
2523 2009
916 1042
128 1284
1386 1077
496 2059
1753 491
3149 851
1525 2109
1471 2648
2652 137
1505 1840
1199 872
124 2403
1185 2575
753 1355
1466 1724
225 1090
400 114
1515 1751
869 677
3083 142
1933 2662
1533 305
1691 2341
1830 2075
2111 559
2493 2233
963 688
408 686
2861 1870
1754 3140
1044 2423
255 3113
719 181
1087 2230
675 129
2059 1861
1006 698
371 269
399 446
305 2345
705 1945
1902 721
2340 3028
1124 2191
1548 1237
3023 1371
1952 2700
2995 2296
446 945
354 790
939 472
661 341
2247 3073
475 869
1181 2379
646 2486
2595 724
1814 3054
112 2228
1730 1880
2842 2738
1972 1211
1042 73
1150 2016
2548 2370
413 1853
1728 2613
2818 284
1694 311
842 1354
672 2299
1040 1500
1854 2788
656 2340
2387 1585
2075 1196
2366 584
1115 81
1503 1521
1757 2701
1792 2726
43 1983
228 145
3076 2536
61 1573
907 2796
1536 1528
758 580
2111 585
2175 2002
1138 344
2064 2307
833 2480
1533 1660
2029 1982
2822 2692
1705 3072
2971 658
2982 2055
2682 2864
2498 590
993 2242
926 899
1686 511
818 2016
449 2504
603 1380
1663 682
653 1276
3097 24
2346 1469
164 3131
2876 3085
1585 962
745 1479
2799 543
326 892
2305 1560
2594 534
1892 1499
3021 1752
2074 936
2011 388
2362 594
2046 1948
2022 1568
1703 3009
275 2521
91 2331
1035 2057
2597 2348
984 863
1818 242
41 2760
177 2405
2981 1528
92 2343
2270 2806
2511 1425
719 2803
965 2078
505 165
745 29
1642 463
1344 2453
857 2146
2527 2205
2679 1573
3052 1645
1802 2218
1236 1556
1379 1771
3152 1863
2265 198
2962 1550
2267 2528
2299 1115
1300 2918
2858 1604
2234 2388
2404 2998
936 1245
1818 1276
826 1622
3044 229
2512 807
572 2265
1236 2389
1474 2305
1909 2994
2296 452
903 942
1419 115
1465 2158
123 628
1566 1647
1841 322
2083 1323
975 1744
2108 1338
289 947
1840 1510
2528 2079
1594 845
2277 2866
2619 2432
2622 2488
1905 5
2520 1051
2904 953
2572 1153
1123 1081
239 282
278 1952
1916 1632
2833 2049
2668 2308
589 1039
3035 618
2394 2184
948 2248
3132 1065
1456 3038
3092 1251
1600 2725
1106 2070
1585 296
353 1441
1325 1765
2016 2772
2571 215
183 1428
2080 141
48 2440
2052 2939
704 2323
2879 3071
895 2468
1625 545
69 419
600 1533
1082 1808
879 2829
3113 2571
1223 2354
2622 543
1036 2432
1723 1311
2667 1242
1611 2353
1193 732
1646 1261
754 1286
1925 1602
515 798
2021 2776
153 349
2913 1382
881 42
3076 2160
2960 148
2712 2570
276 155
1900 1855
2280 2802
2102 819
1021 2826
1736 2544
1417 2319
418 13
545 725
246 958
1832 1272
62 921
2566 4
2033 97
2420 1012
2939 94
2558 648
495 2932
3085 1087
1300 1937
2958 549
1000 494
2918 349
2004 1785
2035 2335
2073 1544
2048 207
2690 3071
2461 1039
1187 1514
623 2275
2194 89
1420 2503
50 2343
272 2418
837 1661
2526 2745
45 1758
1806 3094
104 2895
2662 886
392 1538
677 333
1858 2795
874 1990
743 1953
3140 1341
117 2662
1535 2492
2136 1913
2258 1483
2501 714
1147 1911
30 2878
597 429
3150 2701
3094 2765
2069 2254
1471 668
539 2889
1786 992
2640 1790
2368 1225
2445 2782
942 193
1808 3143
2396 176
608 2455
2236 1663
2061 872
968 1417
2184 1436
2572 1973
368 2913
2864 505
2976 2158
17 2858
2420 2166
396 751
1233 318
1803 3122
300 687
1559 1515
821 2609
1765 2800
3158 2932
69 179
3042 2466
657 1922
2180 873
2756 1545
442 2820
2908 2085
2848 2380
1010 278
1108 1909
1134 3064
657 2814
2864 1113
1100 2380
1637 2046
1421 2037
2883 1576
1913 3041
777 8
1596 1042
2514 1954
2475 1761
3049 763
1224 110
363 2685
301 3092
2861 2360
75 114
2921 2326
2902 986
1199 1391
3044 529
357 2070
1500 53
1096 1224
3152 2404
741 1274
1816 2928
2296 701
1618 2831
2234 448
69 2203
1010 2606
1710 2633
113 2238
862 1347
2618 1519
2320 2212
2667 2846
2377 1293
230 1238
3065 2889
965 2219
3108 67
1777 1093
2149 1096
824 2360
1950 995
1717 2667
2885 541
2973 2482
3155 82
20 1237
2158 190
700 2496
2576 234
2380 1217
2541 2393
335 550
1201 2751
1539 973
2929 527
1801 1586
1409 2508
2245 3023
1979 1011
2978 2233
2588 2877
946 2689
2317 989
1625 3098
2956 855
462 493
1981 1465
40 347
2513 2665
821 1227
2976 1196
1999 2419
2059 2469
2594 255
2676 3100
1751 1757
1738 2785
2146 2732
1438 2725
504 1298
2021 1987
1696 2075
1243 2947
2294 1915
1088 948
1330 1200
57 721
486 2020
1676 2618
515 2268
3111 561
2277 591
1592 260
3116 444
2514 2623
1185 1072
2113 619
825 622
1713 331
1678 2840
2241 546
2122 1259
1762 2530
2778 3097
1852 1092
1769 2761
142 1930
378 2196
2232 1074
1715 3025
1449 1878
1871 1688
245 822
2017 357
1591 2235
2866 986
65 725
2756 1712
1303 1815
3121 2105
1230 645
64 801
1411 406
679 877
2775 1934
3132 838
822 1388
2470 1294
1599 1381
1645 2281
1544 2795
1564 1992
1657 2241
2261 2523
268 2883
2507 1813
555 2117
1710 2594
2906 421
1175 1162
268 1000
2440 2965
575 1195
926 1425
2051 3029
1390 3023
579 2866
69 2521
2071 2888
2037 2354
703 2729
979 218
160 376
2369 2660
2182 2042
1441 2883
2553 2589
2120 1006
1925 2553
886 2462
2308 2094
870 1880
2611 2248
541 2093
1755 1493
3012 1819
3114 41
2475 2059
2492 2371
217 2682
2483 2315
1736 873
440 500
1404 757
463 2815
929 2667
294 2045
581 2850
3018 273
1121 2825
1259 1528
771 1385
1402 2
2137 2582
857 56
1013 2242
651 1198
343 2589
3144 2672
2566 2702
3074 1161
2704 228
1746 2155
3072 1951
2405 2208
274 1615
1047 1787
2880 1688
372 2975
2469 535
1113 2859
440 1789
149 877
1992 2927
2627 2526
1296 2178
2479 3015
3128 2258
871 1334
2310 1261
116 388
1998 515
256 1040
2850 1063
1950 1026
2316 32
641 2599
1417 1027
2983 1444
1124 2292
531 2726
1066 69
2432 2364
3038 991
2501 1886
19 515
1666 1440
2690 790
549 2302
2540 2458
1415 1116
349 2704
2475 1428
2364 1753
2263 2483
2319 1668
1775 527
2796 2277
697 113
427 2396
2003 2740
1588 831
1869 307
381 273
2137 2808
104 1103
1421 2369
2858 1022
2143 219
2370 689
2875 2633
1025 273
199 605
192 2847
1663 2625
1377 2349
1735 2647
1777 1990
679 765
2961 2159
2963 1243
2121 1000
2608 548
969 758
1633 2568
2806 2777
824 3107
707 1046
1961 448
2419 1042
492 2424
260 164
634 828
2034 1359
1930 2587
33 2532
2868 450
1031 384
2890 514
2622 1857
693 2625
2423 1288
28 1863
3073 3059
784 629
2861 1714
2094 1991
243 2455
640 234
1049 1707
2384 233
2191 1949
3043 2534
2831 1654
1084 1521
2335 1899
1209 2701
1377 2709
937 1348
555 2327
238 2977
2349 3027
158 1336
2320 1712
2442 3108
1855 2341
3105 2603
2523 3093
2671 1417
3007 2059
2716 1185
1575 1325
1907 658
59 2541
1545 886
3150 965
2908 1939
1597 2357
2919 2938
1146 814
1893 15
1447 221
829 433
1056 1285
195 1536
2095 329
2118 2906
2150 1072
1961 498
2206 359
840 1511
999 964
1955 2831
2910 765
122 1714
1634 1569
1896 987
837 1617
2038 610
1518 2301
2051 3056
676 1870
160 794
1680 2840
1911 3124
1264 2311
380 2553
992 1286
976 1086
2294 1423
2275 1666
732 850
2258 1787
2705 1011
1830 2579
2199 1994
1280 2752
1072 707
366 122
1150 388
2973 1228
124 352
1159 647
121 3110
2023 1329
1896 360
291 2773
1092 296
3056 412
2991 613
181 1313
243 727
293 1407
363 572
1279 708
3106 805
2468 2949
641 2027
3127 1788
2988 1464
2941 1435
1511 2686
2124 1540
29 2892
1177 2588
1811 2720
2381 1041
519 2142
2095 130
2261 3092
890 1744
2006 2896
3129 2912
2101 1785
1106 2427
2612 1463
1922 2656
1387 941
2412 2739
1229 981
927 1820
1630 1917
73 3001
604 1189
1659 1597
866 2940
1967 2132
1925 2325
1895 806
343 1019
2543 225
2970 1669
995 459
2036 2335
127 596
1333 2849
2032 2555
2399 1506
1541 351
508 104
517 1838
845 453
2529 1590
2921 57
2620 2035
581 558
1229 2205
2722 251
627 709
2773 780
2547 1713
1398 2088
71 1782
942 1106
1206 39
2335 1555
524 1996
315 2956
2536 2820
286 1982
1153 756
352 780
1101 1518
1864 1084
2146 1286
1022 2446
2285 3125
981 2269
1401 1934
2802 67
2073 1979
1042 218
2824 1652
854 513
49 2554
159 1390
827 43
767 310
632 1615
2745 2765
2452 1294
2155 1375
2072 501
1915 2306
1862 1083
1581 1413
1624 1963
2183 1217
2900 2546
1061 2808
1871 1803
1235 1164
331 2416
1088 1819
1736 2091
668 960
1553 2969
2137 261
1235 295
840 711
1743 314
1178 220
798 1321
2917 1571
509 699
1927 612
3025 528
2654 1693
1928 1800
50 658
1752 435
487 1161
1701 2239
1351 2946
1552 1687
2139 2699
240 2392
1978 2320
2004 64
2811 2281
843 521
220 967
738 2766
948 206
2036 3088
1283 2701
2842 5
37 333
2225 1887
2885 3019
2896 1982
603 1789
1171 491
2178 2306
488 1528
2745 529
42 2733
2739 786
1358 2787
1746 755
1530 14
1915 1021
1712 2099
2428 1849
796 3030
1067 2636
2264 1304
1626 1181
870 2013
1543 3106
2074 2043
2296 574
2723 321
1939 3072
3105 3120
1422 992
153 887
1167 2348
662 1393
2953 1545
950 2900
1635 1315
781 1753
2500 2501
2268 1311
2577 1149
2272 989
1096 25
2963 2215
1442 277
1511 932
1758 1896
362 2261
1127 681
2443 1263
387 3134
2684 81
582 2118
1500 3044
1308 2782
758 624
413 2529
604 1345
3133 2909
2356 786
871 55
3138 1599
2887 2479
2912 1684
3144 328
2696 810
2878 1853
1503 119
1101 944
518 1420
2470 2407
975 591
2470 3104
706 1771
775 812
24 1937
24 2469
718 2617
3122 2557
2016 506
1861 1964
1488 1011
1324 454
76 249
543 1151
2677 2070
1891 1739
1325 1984
2781 1473
1275 2342
3136 202
1350 493
2362 1028
1789 2652
938 289
886 2746
2843 1217
2252 1778
3 615
3099 212
1986 768
2476 190
2183 2366
2764 2907
2835 969
2754 3014
2656 2524
2456 1888
1147 727
1317 2424
1437 2187
978 1166
1884 508
1278 461
325 1520
347 1248
1255 1102
2141 2608
1912 780
1055 1248
2709 650
1066 1680
2745 1647
1391 2374
987 681
2886 1080
177 787
984 1031
448 2478
1597 142
2882 3091
1147 651
398 918
612 1739
2090 978
2800 2331
406 838
429 75
1682 2219
969 1749
2824 1990
1620 1400
2810 2058
2739 238
1786 1904
2526 2381
2398 3132
859 3133
1055 1954
1553 1104
1516 2468
989 2138
1253 2715
1147 1758
2055 2112
2499 2973
1046 166
246 2646
307 440
2420 1357
2281 1601
2755 2816
390 1440
1008 982
1299 2855
843 2806
15 2353
974 3101
2787 2320
2205 2644
2291 904
1940 125
294 688
707 859
428 757
2894 1973
758 253
2500 454
486 538
2499 1719
2518 83
2303 2394
1942 2409
3073 1431
1829 1653
199 784
407 2332
3140 2894
1645 951
245 1518
2267 1904
1000 2829
2569 1434
1884 3013
1085 917
866 734
2633 75
2610 63
1323 1496
2691 2510
1617 902
1759 308
586 2159
1367 944
1677 2690
1373 1936
718 2946
2253 551
1881 1035
1442 96
2662 540
2844 1368
822 2611
2287 583
625 1269
2420 104
2282 2570
2501 233
815 2597
2257 723
1656 2690
1760 2543
1976 1046
2615 1001
655 2275
407 727
3084 2943
2141 511
1902 1189
916 1504
1232 987
670 230
998 514
1966 1981
3004 1043
1762 2531
2307 2469
2881 310
1856 2548
1676 2230
1390 1459
2563 2875
2834 872
206 919
2189 2378
1028 1413
2267 2677
2670 903
1227 825
600 510
979 1849
2642 584
1186 2601
350 411
565 1509
1142 517
2021 851
1626 2534
2728 1053
1722 2602
3120 2866
958 1454
1298 307
2387 2357
1053 2853
2935 2229
374 128
2378 707
678 1979
2457 343
18 502
889 266
2584 2656
990 204
2659 563
190 120
2346 241
524 748
2094 2868
805 666
1562 2655
2741 498
1484 2122
1172 704
1104 2325
684 98
380 118
1153 2791
1148 3134
2439 451
831 2419
2623 2813
1818 1199
3074 1904
2994 1634
762 1679
2237 2693
2028 163
2092 1446
1044 2461
3083 922
2796 840
1074 2488
495 2690
3153 359
1590 2867
2279 2843
538 979
97 2515
2141 2370
2161 355
2842 2949
1043 2665
1760 2157
1127 2649
2149 151
323 2056
838 2535
1169 1786
1390 2678
286 2749
270 1470
2130 1253
689 2663
1717 915
571 610
2472 1081
2432 2727
1518 1018
484 1043
1769 3059
1422 2494
399 1590
3117 2705
47 919
1672 1470
2585 733
2149 542
1671 1840
2731 2869
1993 2715
2367 917
707 2550
1691 2409
1440 1626
2820 2046
2418 1082
2056 1012
1022 2394
1666 906
3126 1278
1958 2510
668 2451
3027 2842
1538 286
688 1576
2701 2507
3054 2523
1014 1095
1207 1716
2621 663
984 2342
3133 3140
2835 534
1524 3018
2383 2718
1023 2308
997 2471
1576 1316
513 1474
169 170
934 2412
2643 2983
423 1345
3122 795
836 2035
537 1571
1211 2092
2044 2692
1769 2177
21 2369
2613 1431
1946 896
893 77
1928 1387
1713 3036
225 1306
2673 919
2491 2977
3025 1639
1986 3112
2739 2568
2600 1095
2062 1919
2654 2757
411 2933
2712 1105
2802 1371
65 1282
1196 2239
2255 311
450 2971
2614 770
860 725
1508 2738
1217 3067
1588 213
2343 2073
3020 1766
2880 855
1160 804
756 115
1008 2656
2731 1779
1432 2387
508 38
2803 981
2095 1844
2615 2614
998 3067
205 2550
313 1850
2588 2046
2032 2751
2443 2417
1549 297
1253 1886
670 2104
2436 2401
2886 710
1300 974
1278 2652
462 2467
921 2552
2467 685
3102 2310
2755 877
350 720
2035 2718
1639 1261
2519 2730
606 1172
1838 526
2884 1837
3064 2718
430 761
854 2764
505 107
1891 303
1880 2590
734 2412
1606 2415
108 1431
1499 536
852 1549
863 3052
1977 1492
1381 1864
2281 504
1618 801
1604 3027
2176 679
1312 737
585 1360
1560 2810
748 3079
118 489
479 269
2568 2847
398 2579
2240 3025
1402 1796
1657 3143
2028 2985
325 982
1347 2997
2909 1680
876 1197
3029 171
2445 2155
340 994
286 546
1665 1549
1342 236
3027 1476
2745 3014
1641 2282
388 2508
2176 1908
2643 460
1508 2923
2724 3002
353 1735
2380 2768
1109 3014
1445 1756
2081 911
146 2587
1461 858
622 1486
2287 2676
892 1771
288 168
1013 55
2879 1640
118 1119
1895 444
1549 1536
647 2423
2732 2050
727 565
583 1300
745 930
130 1093
1483 320
1006 2632
2862 34
2856 926
107 1867
3145 805
821 649
1314 93
1554 2361
1879 1124
111 1162
657 1018
1775 1869
1288 2628
1610 525
937 35
2117 1374
1698 2352
1698 1843
2178 1143
2725 2958
1835 1834
1111 1490
1327 1228
750 2662
2360 2307
1188 765
2745 2518
2517 47
1047 1839
135 3034
1171 232
3110 96
161 1558
435 1384
2299 2518
652 1520
922 1418
904 2058
1577 262
1308 420
358 1080
832 2584
3135 2066
2989 1825
1681 898
2763 2518
2392 1572
1052 796
2234 595
1525 1761
295 2541
2438 2324
411 711
2022 2160
2366 2662
776 2951
3159 346
1665 719
1497 1704
1322 2143
565 351
1369 282
1463 831
468 3087
243 1057
1720 1401
844 2991
636 2595
686 1147
2992 2597
2449 1288
2780 2496
2912 1705
122 1759
2218 1875
632 1139
1752 2579
214 298
2271 505
2958 1485
2595 1316
1231 2503
1128 1014
2994 242
1769 2934
611 2348
886 1209
160 621
2162 1983
1818 2303
753 28
1704 1678
137 1968
1120 274
1922 1600
280 1964
2188 1282
2692 1660
2865 1733
664 275
1144 860
1169 1443
312 150
1998 498
856 2764
440 3094
2868 2192
108 1005
548 2472
1984 160
557 1566
1422 2816
2341 3055
1650 1454
1040 3012
488 552
2823 735
1443 3039
1273 2159
2410 1251
2088 879
254 695
1355 1436
326 3087
2292 1514
1752 2044
2533 2020
151 1076
2077 1530
2013 1148
847 440
247 2974
907 1470
3075 271
2980 3150
1148 2358
2654 1317
1903 1794
322 1848
3026 2071
2696 2052
2226 196
1711 1314
231 548
1187 374
1111 317
1760 2919
159 1271
2753 1592
243 2048
1667 1657
835 1350
1181 1093
2663 23
355 1725
1342 2878
1170 2269
1740 194
2162 1684
2829 631
263 2401
1761 1399
2987 1326
3092 1970
1382 1501
1697 899
1473 1884
2126 337
963 984
2168 233
3003 2503
2564 2352
478 2003
617 1381
1512 1564
498 3043
1122 2374
2349 2959
1880 2564
2596 2130
2542 1716
91 2021
2795 3022
814 159
2043 1379
557 586
1582 1809
2298 195
610 1269
1341 3067
1889 636
401 1804
1851 2119
1689 576
2579 244
396 1705
564 2023
469 619
87 435
165 1194
1323 2990
562 2155
414 341
2017 2467
1265 2262
1685 2375
1402 598
2862 1958
935 1717
1827 2666
2232 2156
2844 297
1043 1281
2517 2838
2738 271
2734 825
3150 363
653 119
428 281
3052 2532
1185 2415
2432 1396
2844 2680
2505 2179
249 2231
1607 552
562 1424
526 1422
1893 2167
988 726
1842 1906
2392 1005
2320 1095
789 189
3092 1854
2851 520
2105 54
2738 1109
1253 2525
2695 2369
1786 2139
692 2847
3135 1489
241 2532
1324 1114
927 1281
319 643
1985 2669
2448 2353
1539 1559
2542 1248
2846 1415
2026 563
596 676
2957 2178
1956 545
430 305
2553 245
1534 2563
2790 2403
175 191
234 2340
1051 1889
1448 2105
265 500
1067 2696
19 162
2181 2260
2351 890
2636 2541
96 1310
359 2281
866 1953
504 676
1467 1413
2982 2345
1391 1795
2575 575
1205 2907
1343 1932
1771 1244
2114 314
2574 310
1884 3046
216 2085
2532 2287
1322 756
1158 2883
3068 1345
473 1972
2482 2131
2174 2064
493 2378
40 1247
2217 50
1892 554
38 1312
2082 233
3146 1047
2482 1620
3126 1251
2110 451
386 2957
873 3023
1696 2217
1368 274
1653 859
2062 1620
856 1591
1750 222
842 1352
1221 1997
239 1242
1473 2122
1757 1819
2952 2734
1862 1959
2915 1566
2607 723
1055 365
913 859
759 1833
1660 781
1991 2019
2430 2096
2732 117
1199 1966
818 3145
2839 2490
2762 903
1301 1296
2999 2043
35 3
125 2549
687 3041
2608 467
116 427
1273 678
1468 2433
2767 1060
1951 684
2154 1496
1991 1012
1003 2902
1404 878
344 2443
1588 2797
2312 772
3004 1924
906 286
1022 2827
2036 1632
951 1790
1130 1948
2756 1824
979 961
2493 2465
2766 1060
2004 1848
3065 2884
1048 220
1619 2471
1395 3143
1663 783
1288 1330
2965 2500
2019 822
2438 1044
423 780
1315 1432
478 2601
711 2638
879 1914
812 3141
1757 1580
837 685
2047 61
721 747
2000 1874
2275 569
443 777
88 506
1916 80
1696 1150
1205 1596
1584 3083
580 2013
2072 3133
327 1201
287 2009
1288 1408
1986 838
2415 2720
259 1052
2291 496
2222 2186
1780 1266
3070 1845
2552 314
2528 1440
2949 415
2187 2694
80 2428
1123 3080
3038 521
229 2318
2008 2262
1237 2227
3156 209
498 1273
2080 2516
1240 1342
1549 881
2961 2837
1811 2075
1371 1434
1486 2640
1834 1197
593 2968
2816 275
780 1707
2895 1312
533 55
2689 1134
1475 70
2580 2845
764 2450
1424 2667
836 568
1942 1376
323 1973
27 2738
402 1882
849 2447
1775 1508
665 796
2501 2289
2566 229
61 2048
128 759
2372 1636
3043 1846
2056 41
2680 801
723 3120
2058 3128
2623 2822
2965 707
767 3101
1529 233
1676 2510
2496 573
1434 750
185 794
1834 2499
589 1689
2428 2926
2894 1158
1088 1995
2966 488
1628 111
255 2199
1266 1633
3151 365
2919 2569
2409 2837
2358 2617
2396 1836
19 949
2121 680
2080 1974
2096 1932
2906 1408
2095 3124
2545 131
691 1106
2860 2687
210 818
864 3121
1093 2250
894 1008
400 2784
746 1940
2015 1922
2404 769
1853 2570
3009 2057
2664 2109
2945 1050
2025 1733
1685 360
616 1640
166 785
287 3026
1656 1044
2950 218
1244 567
850 2937
2094 2363
1292 1769
74 2734
2497 299
864 1334
1278 1952
1382 2830
1765 1433
1232 701
1437 2057
796 2897
491 2373
1801 914
1538 301
3111 2884
2796 1575
227 2870
2993 860
266 234
1972 1215
1543 1361
426 1621
895 76
120 342
2434 98
2034 2338
1794 3151
2838 486
1625 1971
1673 1076
3143 2898
900 2644
333 1264
688 2805
2832 2314
726 2050
2960 2378
566 504
919 1250
778 1361
1112 2149
3132 339
1195 2448
1226 23
1861 2638
2613 1761
948 1867
1909 2568
423 2474
769 2109
1744 981
1013 1579
2536 3141
1217 40
1423 1083
1647 1259
813 1707
465 379
865 3021
879 835
1234 1501
2832 394
3149 2554
1089 18
2658 1009
796 2547
2993 730
1502 619
1843 1611
2467 2801
2004 780
511 623
2533 8
1644 2906
2978 1474
2584 2867
1809 3120
2654 584
2692 2061
1888 568
660 48
1054 2559
2119 1274
3060 927
356 2994
379 281
4 2210
302 2779
2079 2580
758 469
384 888
3089 1552
1117 2197
667 2443
1966 1912
2268 405
811 2778
1151 949
1731 221
299 441
3061 2604
1229 92
11 3007
597 2008
1233 1055
1930 1693
1085 822
3111 672
1621 1602
2719 610
585 1489
675 1715
2532 1509
233 1380
3046 332
2049 1058
2807 90
1662 1295
1235 1302
1126 789
494 2146
1272 946
570 749
1210 2091
3140 502
2144 2651
2778 279
9 2540
326 437
1354 2467
830 1304
1013 1271
1979 920
1540 2601
75 884
418 1009
1964 1514
2204 731
978 1635
2812 842
2732 2389
2128 77
876 1806
2675 1891
1790 2512
864 1620
2319 2382
9 2962
2956 2110
1127 2864
3048 1840
2506 1119
1727 2265
1758 3002
1041 608
1371 456
1784 2945
1076 2961
2587 1202
251 2212
1008 51
2703 2527
1047 2315
887 316
1547 3128
1050 1589
2504 1878
790 680
438 817
2123 2191
